crossing time (s)	slope (V/s)	crossing number
281474976710655.000000	110.539467	5460	0.000000
281474976710655.000000	101.778740	5461	0.000000
281474976710655.000000	92.982277	5462	0.000000
281474976710655.000000	89.696808	5463	0.000000
281474976710655.000000	88.200699	5464	0.000000
281474976710655.000000	43.164406	5465	0.000000
281474976710655.000000	198.433472	5466	0.000000
281474976710655.000000	92.887253	5467	0.000000
281474976710655.000000	47.799019	5468	0.000000
281474976710655.000000	92.249329	5469	0.000000
281474976710655.000000	44.948006	5470	0.000000
281474976710655.000000	43.606918	5471	0.000000
281474976710655.000000	60.494907	5472	0.000000
281474976710655.000000	89.698784	5473	0.000000
281474976710655.000000	85.475266	5474	0.000000
281474976710655.000000	40.267075	5475	0.000000
281474976710655.000000	43.219017	5476	0.000000
281474976710655.000000	57.622494	5477	0.000000
281474976710655.000000	88.821297	5478	0.000000
281474976710655.000000	43.729424	5479	0.000000
281474976710655.000000	90.085625	5480	0.000000
281474976710655.000000	79.794579	5481	0.000000
281474976710655.000000	165.384323	5482	0.000000
281474976710655.000000	38.890179	5483	0.000000
281474976710655.000000	81.535011	5484	0.000000
281474976710655.000000	82.087875	5485	0.000000
281474976710655.000000	84.733551	5486	0.000000
281474976710655.000000	54.940002	5487	0.000000
281474976710655.000000	78.779022	5488	0.000000
281474976710655.000000	53.298679	5489	0.000000
281474976710655.000000	113.151863	5490	0.000000
281474976710655.000000	72.371315	5491	0.000000
281474976710655.000000	74.161133	5492	0.000000
281474976710655.000000	73.938606	5493	0.000000
281474976710655.000000	155.617249	5494	0.000000
281474976710655.000000	48.565491	5495	0.000000
281474976710655.000000	150.799805	5496	0.000000
281474976710655.000000	74.859024	5497	0.000000
281474976710655.000000	70.609985	5498	0.000000
281474976710655.000000	68.324387	5499	0.000000
281474976710655.000000	42.602737	5500	0.000000
281474976710655.000000	147.650070	5501	0.000000
281474976710655.000000	44.227406	5502	0.000000
281474976710655.000000	69.771217	5503	0.000000
281474976710655.000000	68.998726	5504	0.000000
281474976710655.000000	46.301666	5505	0.000000
281474976710655.000000	108.370461	5506	0.000000
281474976710655.000000	50.107635	5507	0.000000
281474976710655.000000	102.761711	5508	0.000000
281474976710655.000000	64.378456	5509	0.000000
281474976710655.000000	60.834358	5510	0.000000
281474976710655.000000	129.606827	5511	0.000000
281474976710655.000000	40.856701	5512	0.000000
281474976710655.000000	69.173470	5513	0.000000
281474976710655.000000	69.334274	5514	0.000000
281474976710655.000000	50.607075	5515	0.000000
281474976710655.000000	60.975361	5516	0.000000
281474976710655.000000	57.815483	5517	0.000000
281474976710655.000000	58.592304	5518	0.000000
281474976710655.000000	57.997013	5519	0.000000
281474976710655.000000	44.434761	5520	0.000000
281474976710655.000000	37.671387	5521	0.000000
281474976710655.000000	58.011375	5522	0.000000
281474976710655.000000	92.387665	5523	0.000000
281474976710655.000000	51.468266	5524	0.000000
281474976710655.000000	54.036049	5525	0.000000
281474976710655.000000	75.786819	5526	0.000000
281474976710655.000000	37.671741	5527	0.000000
281474976710655.000000	53.379280	5528	0.000000
281474976710655.000000	55.030399	5529	0.000000
281474976710655.000000	70.611092	5530	0.000000
281474976710655.000000	54.738270	5531	0.000000
281474976710655.000000	38.297955	5532	0.000000
281474976710655.000000	56.285679	5533	0.000000
281474976710655.000000	48.641293	5534	0.000000
281474976710655.000000	39.528564	5535	0.000000
281474976710655.000000	37.621273	5536	0.000000
281474976710655.000000	43.517429	5537	0.000000
281474976710655.000000	39.445332	5538	0.000000
281474976710655.000000	47.716850	5539	0.000000
281474976710655.000000	35.000706	5540	0.000000
281474976710655.000000	44.008339	5541	0.000000
281474976710655.000000	67.012558	5542	0.000000
281474976710655.000000	47.134262	5543	0.000000
281474976710655.000000	46.101501	5544	0.000000
281474976710655.000000	46.062595	5545	0.000000
281474976710655.000000	36.332027	5546	0.000000
281474976710655.000000	39.203384	5547	0.000000
281474976710655.000000	54.600517	5548	0.000000
281474976710655.000000	50.574192	5549	0.000000
281474976710655.000000	40.413559	5550	0.000000
281474976710655.000000	39.412144	5551	0.000000
281474976710655.000000	55.904480	5552	0.000000
281474976710655.000000	34.033184	5553	0.000000
281474976710655.000000	51.623791	5554	0.000000
281474976710655.000000	53.632011	5555	0.000000
281474976710655.000000	44.282768	5556	0.000000
281474976710655.000000	34.251068	5557	0.000000
281474976710655.000000	35.409771	5558	0.000000
281474976710655.000000	44.218639	5559	0.000000
281474976710655.000000	50.307262	5560	0.000000
281474976710655.000000	47.144024	5561	0.000000
281474976710655.000000	33.475704	5562	0.000000
281474976710655.000000	34.850601	5563	0.000000
281474976710655.000000	32.551334	5564	0.000000
281474976710655.000000	33.292950	5565	0.000000
281474976710655.000000	31.094709	5566	0.000000
281474976710655.000000	32.419651	5567	0.000000
281474976710655.000000	38.126160	5568	0.000000
281474976710655.000000	28.861801	5569	0.000000
281474976710655.000000	44.605076	5570	0.000000
281474976710655.000000	29.935402	5571	0.000000
281474976710655.000000	36.563789	5572	0.000000
281474976710655.000000	34.459003	5573	0.000000
281474976710655.000000	27.713682	5574	0.000000
281474976710655.000000	31.036045	5575	0.000000
281474976710655.000000	28.705608	5576	0.000000
281474976710655.000000	30.295069	5577	0.000000
281474976710655.000000	27.637583	5578	0.000000
281474976710655.000000	36.211040	5579	0.000000
281474976710655.000000	38.529739	5580	0.000000
281474976710655.000000	34.208920	5581	0.000000
281474976710655.000000	35.081459	5582	0.000000
281474976710655.000000	31.987913	5583	0.000000
281474976710655.000000	26.794559	5584	0.000000
281474976710655.000000	28.246618	5585	0.000000
281474976710655.000000	31.750303	5586	0.000000
281474976710655.000000	25.214945	5587	0.000000
281474976710655.000000	29.725086	5588	0.000000
281474976710655.000000	30.296967	5589	0.000000
281474976710655.000000	30.961697	5590	0.000000
281474976710655.000000	28.437042	5591	0.000000
281474976710655.000000	24.249844	5592	0.000000
281474976710655.000000	29.759058	5593	0.000000
281474976710655.000000	28.465986	5594	0.000000
281474976710655.000000	28.404360	5595	0.000000
281474976710655.000000	24.585255	5596	0.000000
281474976710655.000000	25.268139	5597	0.000000
281474976710655.000000	27.418442	5598	0.000000
281474976710655.000000	30.044142	5599	0.000000
281474976710655.000000	20.779299	5600	0.000000
281474976710655.000000	26.242781	5601	0.000000
281474976710655.000000	23.174160	5602	0.000000
281474976710655.000000	26.496359	5603	0.000000
281474976710655.000000	22.571173	5604	0.000000
281474976710655.000000	25.380033	5605	0.000000
281474976710655.000000	24.713501	5606	0.000000
281474976710655.000000	26.724312	5607	0.000000
281474976710655.000000	23.572090	5608	0.000000
281474976710655.000000	23.531771	5609	0.000000
281474976710655.000000	24.033974	5610	0.000000
281474976710655.000000	25.456711	5611	0.000000
281474976710655.000000	23.105120	5612	0.000000
281474976710655.000000	23.267931	5613	0.000000
281474976710655.000000	22.466248	5614	0.000000
281474976710655.000000	21.657484	5615	0.000000
281474976710655.000000	21.268084	5616	0.000000
281474976710655.000000	19.753084	5617	0.000000
281474976710655.000000	21.234446	5618	0.000000
281474976710655.000000	18.823551	5619	0.000000
281474976710655.000000	20.091459	5620	0.000000
281474976710655.000000	20.966629	5621	0.000000
281474976710655.000000	20.074253	5622	0.000000
281474976710655.000000	20.558895	5623	0.000000
281474976710655.000000	20.979443	5624	0.000000
281474976710655.000000	21.373735	5625	0.000000
281474976710655.000000	20.755177	5626	0.000000
281474976710655.000000	21.440111	5627	0.000000
281474976710655.000000	19.475924	5628	0.000000
281474976710655.000000	19.290703	5629	0.000000
281474976710655.000000	18.383436	5630	0.000000
281474976710655.000000	19.699135	5631	0.000000
281474976710655.000000	18.615351	5632	0.000000
281474976710655.000000	18.369680	5633	0.000000
281474976710655.000000	17.609493	5634	0.000000
281474976710655.000000	18.616585	5635	0.000000
281474976710655.000000	17.322250	5636	0.000000
281474976710655.000000	17.846155	5637	0.000000
281474976710655.000000	17.112892	5638	0.000000
281474976710655.000000	17.541468	5639	0.000000
281474976710655.000000	17.455221	5640	0.000000
281474976710655.000000	17.520746	5641	0.000000
281474976710655.000000	16.856476	5642	0.000000
281474976710655.000000	16.282951	5643	0.000000
281474976710655.000000	16.387329	5644	0.000000
281474976710655.000000	16.372425	5645	0.000000
281474976710655.000000	15.201480	5646	0.000000
281474976710655.000000	15.794365	5647	0.000000
281474976710655.000000	15.259384	5648	0.000000
281474976710655.000000	15.583054	5649	0.000000
281474976710655.000000	14.825260	5650	0.000000
281474976710655.000000	15.824572	5651	0.000000
281474976710655.000000	14.500667	5652	0.000000
281474976710655.000000	15.848195	5653	0.000000
281474976710655.000000	13.524643	5654	0.000000
281474976710655.000000	13.858130	5655	0.000000
281474976710655.000000	14.233974	5656	0.000000
281474976710655.000000	13.687709	5657	0.000000
281474976710655.000000	14.219234	5658	0.000000
281474976710655.000000	13.882237	5659	0.000000
281474976710655.000000	13.112000	5660	0.000000
281474976710655.000000	13.030192	5661	0.000000
281474976710655.000000	13.523852	5662	0.000000
281474976710655.000000	13.520902	5663	0.000000
281474976710655.000000	12.988075	5664	0.000000
281474976710655.000000	13.432953	5665	0.000000
281474976710655.000000	12.754677	5666	0.000000
281474976710655.000000	12.890378	5667	0.000000
281474976710655.000000	12.475492	5668	0.000000
281474976710655.000000	12.721653	5669	0.000000
281474976710655.000000	12.359022	5670	0.000000
281474976710655.000000	12.031373	5671	0.000000
281474976710655.000000	12.075895	5672	0.000000
281474976710655.000000	12.458409	5673	0.000000
281474976710655.000000	11.586635	5674	0.000000
281474976710655.000000	11.307606	5675	0.000000
281474976710655.000000	11.163237	5676	0.000000
