crossing time (s)	slope (V/s)	crossing number
281474976710655.000000	1.047099	13146	0.000000
281474976710655.000000	1.049335	13147	0.000000
281474976710655.000000	1.112419	13148	0.000000
281474976710655.000000	0.951180	13149	0.000000
281474976710655.000000	1.276999	13150	0.000000
281474976710655.000000	1.047485	13151	0.000000
281474976710655.000000	1.393397	13152	0.000000
281474976710655.000000	1.049043	13153	0.000000
281474976710655.000000	1.461463	13154	0.000000
281474976710655.000000	1.093915	13155	0.000000
281474976710655.000000	1.438313	13156	0.000000
281474976710655.000000	1.192493	13157	0.000000
281474976710655.000000	1.656666	13158	0.000000
281474976710655.000000	1.084870	13159	0.000000
281474976710655.000000	1.946091	13160	0.000000
281474976710655.000000	1.153948	13161	0.000000
281474976710655.000000	1.997582	13162	0.000000
281474976710655.000000	1.341903	13163	0.000000
281474976710655.000000	2.086075	13164	0.000000
281474976710655.000000	1.517618	13165	0.000000
281474976710655.000000	2.174134	13166	0.000000
281474976710655.000000	1.638658	13167	0.000000
281474976710655.000000	2.416179	13168	0.000000
281474976710655.000000	1.850802	13169	0.000000
281474976710655.000000	2.839868	13170	0.000000
281474976710655.000000	1.860747	13171	0.000000
281474976710655.000000	2.918695	13172	0.000000
281474976710655.000000	1.863837	13173	0.000000
281474976710655.000000	3.066689	13174	0.000000
281474976710655.000000	2.005300	13175	0.000000
281474976710655.000000	3.250308	13176	0.000000
281474976710655.000000	2.313667	13177	0.000000
281474976710655.000000	3.393026	13178	0.000000
281474976710655.000000	2.374232	13179	0.000000
281474976710655.000000	4.129388	13180	0.000000
281474976710655.000000	2.534771	13181	0.000000
281474976710655.000000	4.117154	13182	0.000000
281474976710655.000000	2.722347	13183	0.000000
281474976710655.000000	3.683865	13184	0.000000
281474976710655.000000	2.956722	13185	0.000000
281474976710655.000000	3.770172	13186	0.000000
281474976710655.000000	2.978780	13187	0.000000
281474976710655.000000	4.782435	13188	0.000000
281474976710655.000000	3.232780	13189	0.000000
281474976710655.000000	5.201589	13190	0.000000
281474976710655.000000	3.268055	13191	0.000000
281474976710655.000000	5.414801	13192	0.000000
281474976710655.000000	3.915583	13193	0.000000
281474976710655.000000	5.520029	13194	0.000000
281474976710655.000000	3.708020	13195	0.000000
281474976710655.000000	5.873945	13196	0.000000
281474976710655.000000	3.975127	13197	0.000000
281474976710655.000000	5.393194	13198	0.000000
281474976710655.000000	4.132461	13199	0.000000
281474976710655.000000	5.628960	13200	0.000000
281474976710655.000000	4.399855	13201	0.000000
281474976710655.000000	5.583341	13202	0.000000
281474976710655.000000	4.029373	13203	0.000000
281474976710655.000000	6.331142	13204	0.000000
281474976710655.000000	4.608500	13205	0.000000
281474976710655.000000	5.246723	13206	0.000000
281474976710655.000000	5.127095	13207	0.000000
281474976710655.000000	5.978552	13208	0.000000
281474976710655.000000	4.997027	13209	0.000000
281474976710655.000000	5.785402	13210	0.000000
281474976710655.000000	5.187303	13211	0.000000
281474976710655.000000	5.503047	13212	0.000000
281474976710655.000000	5.063810	13213	0.000000
281474976710655.000000	6.201232	13214	0.000000
281474976710655.000000	5.172565	13215	0.000000
281474976710655.000000	6.163774	13216	0.000000
281474976710655.000000	5.269080	13217	0.000000
281474976710655.000000	5.777607	13218	0.000000
281474976710655.000000	5.049593	13219	0.000000
281474976710655.000000	5.693231	13220	0.000000
281474976710655.000000	5.737609	13221	0.000000
281474976710655.000000	5.519106	13222	0.000000
281474976710655.000000	5.120096	13223	0.000000
281474976710655.000000	5.420737	13224	0.000000
281474976710655.000000	4.751843	13225	0.000000
281474976710655.000000	4.965232	13226	0.000000
281474976710655.000000	5.390823	13227	0.000000
281474976710655.000000	6.222083	13228	0.000000
281474976710655.000000	5.791728	13229	0.000000
281474976710655.000000	4.926173	13230	0.000000
281474976710655.000000	4.432292	13231	0.000000
281474976710655.000000	4.618917	13232	0.000000
281474976710655.000000	4.749054	13233	0.000000
281474976710655.000000	4.651336	13234	0.000000
281474976710655.000000	4.287114	13235	0.000000
281474976710655.000000	4.362445	13236	0.000000
281474976710655.000000	5.194289	13237	0.000000
281474976710655.000000	4.558627	13238	0.000000
281474976710655.000000	4.628695	13239	0.000000
281474976710655.000000	4.707807	13240	0.000000
281474976710655.000000	4.423906	13241	0.000000
281474976710655.000000	4.256449	13242	0.000000
281474976710655.000000	4.834234	13243	0.000000
281474976710655.000000	4.343095	13244	0.000000
281474976710655.000000	5.122817	13245	0.000000
281474976710655.000000	4.047530	13246	0.000000
281474976710655.000000	4.211631	13247	0.000000
281474976710655.000000	3.604635	13248	0.000000
281474976710655.000000	4.059759	13249	0.000000
281474976710655.000000	3.440759	13250	0.000000
281474976710655.000000	4.024993	13251	0.000000
281474976710655.000000	3.371381	13252	0.000000
281474976710655.000000	3.609707	13253	0.000000
281474976710655.000000	3.070406	13254	0.000000
281474976710655.000000	3.786048	13255	0.000000
281474976710655.000000	3.132668	13256	0.000000
281474976710655.000000	3.730643	13257	0.000000
281474976710655.000000	2.779026	13258	0.000000
281474976710655.000000	3.264486	13259	0.000000
281474976710655.000000	2.793379	13260	0.000000
281474976710655.000000	2.720205	13261	0.000000
281474976710655.000000	2.789893	13262	0.000000
281474976710655.000000	3.847365	13263	0.000000
281474976710655.000000	2.526026	13264	0.000000
281474976710655.000000	2.537547	13265	0.000000
281474976710655.000000	2.288489	13266	0.000000
281474976710655.000000	3.188212	13267	0.000000
281474976710655.000000	2.192135	13268	0.000000
281474976710655.000000	2.995525	13269	0.000000
281474976710655.000000	2.256876	13270	0.000000
281474976710655.000000	2.946956	13271	0.000000
281474976710655.000000	1.944705	13272	0.000000
281474976710655.000000	2.688072	13273	0.000000
281474976710655.000000	1.777119	13274	0.000000
281474976710655.000000	2.592643	13275	0.000000
281474976710655.000000	1.489207	13276	0.000000
281474976710655.000000	2.492600	13277	0.000000
281474976710655.000000	2.341030	13278	0.000000
281474976710655.000000	2.475478	13279	0.000000
281474976710655.000000	2.160275	13280	0.000000
281474976710655.000000	2.106712	13281	0.000000
281474976710655.000000	1.901980	13282	0.000000
281474976710655.000000	1.806953	13283	0.000000
281474976710655.000000	1.702778	13284	0.000000
281474976710655.000000	1.734383	13285	0.000000
281474976710655.000000	1.554953	13286	0.000000
281474976710655.000000	1.431964	13287	0.000000
281474976710655.000000	1.520751	13288	0.000000
