crossing time (s)	slope (V/s)	crossing number
281474976710655.000000	60.580379	1297	0.000000
281474976710655.000000	28.944567	1298	0.000000
281474976710655.000000	19.915304	1299	0.000000
281474976710655.000000	18.635590	1300	0.000000
281474976710655.000000	12.824783	1301	0.000000
281474976710655.000000	11.027831	1302	0.000000
281474976710655.000000	8.508918	1303	0.000000
281474976710655.000000	6.842072	1304	0.000000
281474976710655.000000	4.326642	1305	0.000000
281474976710655.000000	3.597662	1306	0.000000
281474976710655.000000	2.745164	1307	0.000000
281474976710655.000000	2.129556	1308	0.000000
281474976710655.000000	1.228820	1309	0.000000
