crossing time (s)	slope (V/s)	crossing number
281474976710655.000000	1.531441	11042	0.000000
281474976710655.000000	1.139140	11043	0.000000
281474976710655.000000	0.949946	11044	0.000000
281474976710655.000000	3.519222	11045	0.000000
281474976710655.000000	4.816800	11046	0.000000
281474976710655.000000	10.597025	11047	0.000000
281474976710655.000000	12.294303	11048	0.000000
281474976710655.000000	9.833845	11049	0.000000
281474976710655.000000	7.744339	11050	0.000000
281474976710655.000000	4.924374	11051	0.000000
281474976710655.000000	7.688152	11052	0.000000
281474976710655.000000	2.100868	11053	0.000000
281474976710655.000000	2.200095	11054	0.000000
281474976710655.000000	1.044106	11055	0.000000
