crossing time (s)	slope (V/s)	crossing number
281474976710655.000000	1.611169	11070	0.000000
281474976710655.000000	1.038489	11071	0.000000
281474976710655.000000	1.064509	11072	0.000000
281474976710655.000000	3.079965	11073	0.000000
281474976710655.000000	3.217885	11074	0.000000
281474976710655.000000	9.879387	11075	0.000000
281474976710655.000000	8.853598	11076	0.000000
281474976710655.000000	11.829626	11077	0.000000
281474976710655.000000	8.176924	11078	0.000000
281474976710655.000000	6.445452	11079	0.000000
281474976710655.000000	5.135699	11080	0.000000
281474976710655.000000	2.662789	11081	0.000000
281474976710655.000000	2.856971	11082	0.000000
281474976710655.000000	1.208670	11083	0.000000
