num crossings	time (s)	maj axis (mm)	min axis (mm)	theta (rad )	slope (V/s)
3115	63395.967052	70.552385	3.911572	3.657398	104.274528
3117	63398.034325	69.424949	3.899163	3.658569	94.915333
3119	63400.103800	67.993841	3.835542	3.658501	96.940516
3121	63402.172875	66.677369	3.849973	3.658029	87.678580
3123	63404.243306	65.357701	3.782245	3.657973	85.868306
3125	63406.313519	64.234846	3.810254	3.656031	80.325809
3127	63408.383521	62.914341	3.802198	3.654500	83.529283
3129	63410.451924	61.938025	3.775657	3.655037	76.959665
3131	63412.517284	60.781949	3.786493	3.659429	75.684964
3133	63414.582406	59.256797	3.719307	3.661951	75.194402
3135	63416.647961	58.247295	3.652355	3.666144	69.091310
3137	63418.717513	56.646416	3.573139	3.668967	67.682635
3139	63420.791367	55.472490	3.528094	3.663173	62.296687
3141	63422.864337	54.230895	3.566560	3.658873	60.073973
3143	63424.933915	53.472836	3.560652	3.656229	59.153355
3145	63426.998722	52.553832	3.580356	3.660827	54.779759
3147	63429.062504	51.211883	3.525525	3.665517	55.310873
3149	63431.127507	50.084531	3.457078	3.668624	51.488299
3151	63433.196143	48.999722	3.398929	3.668305	49.474325
3153	63435.266767	47.725137	3.355214	3.667485	47.561470
3155	63437.338568	46.561795	3.338426	3.666016	47.134372
3157	63439.409532	45.519020	3.309090	3.664847	43.833252
3159	63441.480644	44.595485	3.300959	3.664494	42.087884
3161	63443.549714	43.834036	3.269102	3.664150	40.774497
3163	63445.618613	42.717670	3.228094	3.665116	38.055505
3165	63447.686435	41.865391	3.208721	3.665219	34.629709
3167	63449.753529	41.016034	3.131001	3.665477	34.715606
3169	63451.819911	40.005098	3.085134	3.665199	34.258739
3171	63453.884673	39.313840	3.045667	3.661985	32.427797
3173	63455.950281	38.410471	2.996955	3.658486	31.318476
3175	63458.017109	37.339210	3.007463	3.654259	29.358770
3177	63460.087035	36.463439	2.943869	3.657010	27.745981
3179	63462.162252	35.307274	2.894317	3.664181	26.395535
3181	63464.238514	34.795677	2.800802	3.672362	26.139551
3183	63466.311746	34.162688	2.713798	3.675843	23.684509
3185	63468.377142	33.420911	2.664490	3.671923	23.988713
3187	63470.440459	32.569575	2.585590	3.664528	22.546360
3189	63472.510346	32.048340	2.587967	3.656214	16.816901
3191	63474.573699	31.098407	2.546766	3.652676	17.034015
3193	63476.639856	30.432198	2.507072	3.651106	19.745036
3195	63478.711399	29.491359	2.465456	3.656559	19.091987
3197	63480.785128	29.062324	2.403627	3.664728	18.100884
3199	63482.857833	28.247360	2.362631	3.668660	17.534435
3201	63484.929681	27.699431	2.312213	3.671676	16.685295
3203	63487.002154	27.035941	2.273572	3.674476	15.297528
3205	63489.071515	26.536843	2.210136	3.671074	14.603978
3207	63491.144151	25.586323	2.196186	3.673832	13.868076
3209	63493.210595	25.285049	2.147551	3.672015	12.651814
3211	63495.276915	24.692130	2.107051	3.671130	12.897564
3213	63497.343456	23.991142	2.055675	3.671899	12.502996
3215	63499.406039	23.655532	1.990043	3.669834	10.785386
3217	63501.468993	23.215633	1.892079	3.666762	11.231285
3219	63503.533571	22.587690	1.833911	3.666705	10.708660
3221	63505.602973	21.950699	1.771804	3.666656	10.745178
3223	63507.679567	21.243718	1.749329	3.670919	9.768690
3225	63509.756164	20.615978	1.749987	3.673491	8.171488
3227	63511.835740	20.180862	1.761348	3.666898	8.741427
3229	63513.910137	19.875998	1.793681	3.665772	7.881050
3231	63515.976425	19.444693	1.786381	3.669115	7.500353
3233	63518.039918	19.215417	1.680290	3.670535	7.392914
3235	63520.095197	18.817744	1.570396	3.668921	7.215709
3237	63522.160152	18.429902	1.492049	3.667642	7.259366
3239	63524.221544	17.889122	1.421880	3.669664	7.109272
3241	63526.285211	17.417043	1.374874	3.665878	6.155665
3243	63528.353957	17.096688	1.337120	3.661763	5.723582
3245	63530.421180	16.556936	1.309340	3.665222	6.551445
3247	63532.491109	16.123202	1.272298	3.658547	5.341723
3249	63534.563071	15.649589	1.272878	3.667097	5.192186
3251	63536.632613	15.589024	1.212689	3.652187	4.824427
3253	63538.698993	14.804302	1.199776	3.652415	5.128931
3255	63540.766199	14.911767	1.159181	3.652284	4.383521
3257	63542.837594	14.393226	1.151827	3.653593	4.653301
3259	63544.904987	13.802672	1.155774	3.660006	3.929567
3261	63546.985060	13.766805	1.081261	3.657604	3.923331
3263	63549.068447	12.991669	1.111118	3.678021	3.524783
3265	63551.146980	12.661981	1.093285	3.693025	3.671225
3267	63553.228124	12.791881	1.010147	3.698832	2.827684
3269	63555.307016	11.936131	1.009904	3.702894	2.741591
3271	63557.366985	11.940499	1.027832	3.701012	2.389041
3273	63559.428218	11.569066	1.037512	3.693862	2.477787
3275	63561.477200	11.399086	0.979353	3.677640	2.547604
3277	63563.535142	11.160267	0.957490	3.667411	2.497481
3279	63565.593045	11.019949	0.896293	3.653937	2.414079
3281	63567.669129	10.641210	0.890632	3.658402	2.768291
3283	63569.729092	10.178905	0.861634	3.655784	2.468832
3285	63572.673220	0.163831	-0.008328	1.562064	2.210939
3287	63576.799709	0.066672	0.179685	2.411995	2.285416
3289	63580.932569	0.016906	-0.402314	1.996362	1.127972
3291	63585.059161	0.000000	0.256508	2.273153	1.150799
3293	63589.201103	0.236241	-0.248221	5.296071	1.731459
3295	63593.313036	0.650062	0.107693	6.403536	0.814110
3297	63597.396474	0.769016	0.150740	6.694634	1.274511
3299	63601.471110	0.447032	-0.351041	1.560418	0.899321
3301	63605.600292	0.337921	0.336149	2.289919	0.988357
3303	63609.744491	0.313125	0.215886	2.886172	0.425571
3303	63609.744491	0.314096	0.214890	2.891933	0.658180
3303	63609.744491	0.314096	0.214890	2.891933	1.005694
3303	63609.744491	0.314096	0.214890	2.891933	1.005694
3303	63609.744491	0.314096	0.214890	2.891933	1.005694
