crossing time (s)	slope (V/s)	crossing number
281474976710655.000000	1.002388	11057	0.000000
281474976710655.000000	1.081473	11058	0.000000
281474976710655.000000	3.490648	11059	0.000000
281474976710655.000000	4.283661	11060	0.000000
281474976710655.000000	9.935649	11061	0.000000
281474976710655.000000	8.635020	11062	0.000000
281474976710655.000000	11.323009	11063	0.000000
281474976710655.000000	7.311582	11064	0.000000
281474976710655.000000	4.564253	11065	0.000000
281474976710655.000000	6.270422	11066	0.000000
281474976710655.000000	1.880419	11067	0.000000
281474976710655.000000	3.375534	11068	0.000000
281474976710655.000000	0.918921	11069	0.000000
