crossing time (s)	slope (V/s)	crossing number
281474976710655.000000	97.967789	3521	0.000000
281474976710655.000000	101.677895	3522	0.000000
281474976710655.000000	106.670898	3523	0.000000
281474976710655.000000	104.330299	3524	0.000000
281474976710655.000000	92.434669	3525	0.000000
281474976710655.000000	97.420654	3526	0.000000
281474976710655.000000	99.638878	3527	0.000000
281474976710655.000000	98.390945	3528	0.000000
281474976710655.000000	91.512573	3529	0.000000
281474976710655.000000	90.250900	3530	0.000000
281474976710655.000000	87.171234	3531	0.000000
281474976710655.000000	89.736031	3532	0.000000
281474976710655.000000	88.017952	3533	0.000000
281474976710655.000000	90.308113	3534	0.000000
281474976710655.000000	186.222366	3535	0.000000
281474976710655.000000	86.980499	3536	0.000000
281474976710655.000000	83.368736	3537	0.000000
281474976710655.000000	82.096573	3538	0.000000
281474976710655.000000	41.890888	3539	0.000000
281474976710655.000000	170.441025	3540	0.000000
281474976710655.000000	81.815033	3541	0.000000
281474976710655.000000	73.316574	3542	0.000000
281474976710655.000000	78.212334	3543	0.000000
281474976710655.000000	71.998634	3544	0.000000
281474976710655.000000	73.323013	3545	0.000000
281474976710655.000000	74.736534	3546	0.000000
281474976710655.000000	34.304981	3547	0.000000
281474976710655.000000	158.610214	3548	0.000000
281474976710655.000000	72.879547	3549	0.000000
281474976710655.000000	68.498032	3550	0.000000
281474976710655.000000	69.848679	3551	0.000000
281474976710655.000000	68.097313	3552	0.000000
281474976710655.000000	107.271095	3553	0.000000
281474976710655.000000	112.518166	3554	0.000000
281474976710655.000000	132.924545	3555	0.000000
281474976710655.000000	42.863258	3556	0.000000
281474976710655.000000	64.143944	3557	0.000000
281474976710655.000000	38.112591	3558	0.000000
281474976710655.000000	62.344154	3559	0.000000
281474976710655.000000	62.445732	3560	0.000000
281474976710655.000000	56.688885	3561	0.000000
281474976710655.000000	40.705814	3562	0.000000
281474976710655.000000	42.914295	3563	0.000000
281474976710655.000000	42.482414	3564	0.000000
281474976710655.000000	62.586655	3565	0.000000
281474976710655.000000	76.698051	3566	0.000000
281474976710655.000000	54.261272	3567	0.000000
281474976710655.000000	41.613861	3568	0.000000
281474976710655.000000	51.736141	3569	0.000000
281474976710655.000000	51.565285	3570	0.000000
281474976710655.000000	49.994507	3571	0.000000
281474976710655.000000	50.611603	3572	0.000000
281474976710655.000000	55.854759	3573	0.000000
281474976710655.000000	40.879765	3574	0.000000
281474976710655.000000	47.742744	3575	0.000000
281474976710655.000000	39.767773	3576	0.000000
281474976710655.000000	34.320618	3577	0.000000
281474976710655.000000	42.624905	3578	0.000000
281474976710655.000000	55.898563	3579	0.000000
281474976710655.000000	43.340801	3580	0.000000
281474976710655.000000	34.764126	3581	0.000000
281474976710655.000000	49.076607	3582	0.000000
281474976710655.000000	47.372868	3583	0.000000
281474976710655.000000	33.530075	3584	0.000000
281474976710655.000000	51.007900	3585	0.000000
281474976710655.000000	39.088600	3586	0.000000
281474976710655.000000	40.930016	3587	0.000000
281474976710655.000000	44.289371	3588	0.000000
281474976710655.000000	40.156647	3589	0.000000
281474976710655.000000	37.621616	3590	0.000000
281474976710655.000000	32.431450	3591	0.000000
281474976710655.000000	34.096535	3592	0.000000
281474976710655.000000	29.450216	3593	0.000000
281474976710655.000000	35.186134	3594	0.000000
281474976710655.000000	42.548805	3595	0.000000
281474976710655.000000	29.009262	3596	0.000000
281474976710655.000000	27.202028	3597	0.000000
281474976710655.000000	30.578499	3598	0.000000
281474976710655.000000	25.124037	3599	0.000000
281474976710655.000000	26.581514	3600	0.000000
281474976710655.000000	33.300831	3601	0.000000
281474976710655.000000	27.935026	3602	0.000000
281474976710655.000000	31.139212	3603	0.000000
281474976710655.000000	30.239443	3604	0.000000
281474976710655.000000	29.869728	3605	0.000000
281474976710655.000000	28.212418	3606	0.000000
281474976710655.000000	30.563360	3607	0.000000
281474976710655.000000	24.623899	3608	0.000000
281474976710655.000000	27.659252	3609	0.000000
281474976710655.000000	24.200651	3610	0.000000
281474976710655.000000	25.645622	3611	0.000000
281474976710655.000000	21.792328	3612	0.000000
281474976710655.000000	26.321238	3613	0.000000
281474976710655.000000	24.915718	3614	0.000000
281474976710655.000000	22.745577	3615	0.000000
281474976710655.000000	22.556629	3616	0.000000
281474976710655.000000	22.448708	3617	0.000000
281474976710655.000000	24.261265	3618	0.000000
281474976710655.000000	21.465235	3619	0.000000
281474976710655.000000	21.926369	3620	0.000000
281474976710655.000000	18.756132	3621	0.000000
281474976710655.000000	21.260176	3622	0.000000
281474976710655.000000	21.106611	3623	0.000000
281474976710655.000000	19.774126	3624	0.000000
281474976710655.000000	20.943289	3625	0.000000
281474976710655.000000	19.295927	3626	0.000000
281474976710655.000000	18.747969	3627	0.000000
281474976710655.000000	17.356323	3628	0.000000
281474976710655.000000	18.055498	3629	0.000000
281474976710655.000000	18.859665	3630	0.000000
281474976710655.000000	17.729389	3631	0.000000
281474976710655.000000	18.745014	3632	0.000000
281474976710655.000000	16.398142	3633	0.000000
281474976710655.000000	17.176781	3634	0.000000
281474976710655.000000	16.210443	3635	0.000000
281474976710655.000000	16.586813	3636	0.000000
281474976710655.000000	15.412647	3637	0.000000
281474976710655.000000	15.831418	3638	0.000000
281474976710655.000000	15.202045	3639	0.000000
281474976710655.000000	14.687408	3640	0.000000
281474976710655.000000	14.972011	3641	0.000000
281474976710655.000000	14.494381	3642	0.000000
281474976710655.000000	15.313368	3643	0.000000
281474976710655.000000	14.503220	3644	0.000000
281474976710655.000000	13.734621	3645	0.000000
281474976710655.000000	14.947796	3646	0.000000
281474976710655.000000	12.953827	3647	0.000000
281474976710655.000000	12.987560	3648	0.000000
281474976710655.000000	12.650096	3649	0.000000
281474976710655.000000	14.053954	3650	0.000000
281474976710655.000000	12.818759	3651	0.000000
281474976710655.000000	12.038202	3652	0.000000
281474976710655.000000	12.725501	3653	0.000000
281474976710655.000000	11.475109	3654	0.000000
281474976710655.000000	12.347359	3655	0.000000
281474976710655.000000	11.680346	3656	0.000000
281474976710655.000000	10.540743	3657	0.000000
281474976710655.000000	10.863397	3658	0.000000
281474976710655.000000	10.706422	3659	0.000000
281474976710655.000000	11.480783	3660	0.000000
281474976710655.000000	9.571886	3661	0.000000
281474976710655.000000	10.382915	3662	0.000000
281474976710655.000000	9.668744	3663	0.000000
281474976710655.000000	9.994583	3664	0.000000
281474976710655.000000	9.814195	3665	0.000000
281474976710655.000000	9.242016	3666	0.000000
281474976710655.000000	8.632260	3667	0.000000
281474976710655.000000	9.227776	3668	0.000000
281474976710655.000000	8.659204	3669	0.000000
281474976710655.000000	9.224774	3670	0.000000
281474976710655.000000	8.713263	3671	0.000000
281474976710655.000000	8.036050	3672	0.000000
281474976710655.000000	7.829964	3673	0.000000
281474976710655.000000	8.331801	3674	0.000000
281474976710655.000000	8.006511	3675	0.000000
281474976710655.000000	8.185638	3676	0.000000
281474976710655.000000	7.502883	3677	0.000000
281474976710655.000000	7.306510	3678	0.000000
281474976710655.000000	6.781969	3679	0.000000
281474976710655.000000	7.193704	3680	0.000000
281474976710655.000000	7.519966	3681	0.000000
281474976710655.000000	7.276629	3682	0.000000
281474976710655.000000	6.668717	3683	0.000000
281474976710655.000000	6.818066	3684	0.000000
281474976710655.000000	6.843916	3685	0.000000
281474976710655.000000	6.772738	3686	0.000000
281474976710655.000000	6.203027	3687	0.000000
281474976710655.000000	6.140023	3688	0.000000
281474976710655.000000	6.067358	3689	0.000000
281474976710655.000000	5.795895	3690	0.000000
281474976710655.000000	5.893220	3691	0.000000
281474976710655.000000	5.792788	3692	0.000000
281474976710655.000000	5.545952	3693	0.000000
281474976710655.000000	5.514916	3694	0.000000
281474976710655.000000	5.689138	3695	0.000000
281474976710655.000000	5.460090	3696	0.000000
281474976710655.000000	5.267342	3697	0.000000
281474976710655.000000	5.138210	3698	0.000000
281474976710655.000000	5.126160	3699	0.000000
281474976710655.000000	5.137103	3700	0.000000
281474976710655.000000	4.800734	3701	0.000000
281474976710655.000000	4.645531	3702	0.000000
281474976710655.000000	4.436199	3703	0.000000
281474976710655.000000	4.532933	3704	0.000000
281474976710655.000000	4.350962	3705	0.000000
281474976710655.000000	4.274441	3706	0.000000
281474976710655.000000	4.049847	3707	0.000000
281474976710655.000000	4.038450	3708	0.000000
281474976710655.000000	3.994233	3709	0.000000
281474976710655.000000	3.829418	3710	0.000000
281474976710655.000000	3.721867	3711	0.000000
281474976710655.000000	3.786472	3712	0.000000
281474976710655.000000	3.623060	3713	0.000000
281474976710655.000000	3.680158	3714	0.000000
281474976710655.000000	3.534927	3715	0.000000
281474976710655.000000	3.446706	3716	0.000000
281474976710655.000000	3.191508	3717	0.000000
281474976710655.000000	3.181607	3718	0.000000
281474976710655.000000	3.003680	3719	0.000000
281474976710655.000000	2.636138	3720	0.000000
281474976710655.000000	3.124914	3721	0.000000
281474976710655.000000	3.016103	3722	0.000000
281474976710655.000000	3.009249	3723	0.000000
281474976710655.000000	2.933362	3724	0.000000
281474976710655.000000	3.006454	3725	0.000000
281474976710655.000000	2.855672	3726	0.000000
281474976710655.000000	2.954788	3727	0.000000
281474976710655.000000	3.181124	3728	0.000000
281474976710655.000000	2.857790	3729	0.000000
281474976710655.000000	2.784727	3730	0.000000
281474976710655.000000	2.699833	3731	0.000000
281474976710655.000000	2.844131	3732	0.000000
281474976710655.000000	2.505883	3733	0.000000
281474976710655.000000	2.665679	3734	0.000000
281474976710655.000000	2.087173	3735	0.000000
281474976710655.000000	2.278574	3736	0.000000
281474976710655.000000	1.996785	3737	0.000000
281474976710655.000000	1.963606	3738	0.000000
281474976710655.000000	1.929713	3739	0.000000
281474976710655.000000	1.980582	3740	0.000000
281474976710655.000000	1.962041	3741	0.000000
281474976710655.000000	1.772971	3742	0.000000
281474976710655.000000	1.966060	3743	0.000000
281474976710655.000000	1.738968	3744	0.000000
281474976710655.000000	1.936684	3745	0.000000
281474976710655.000000	1.835876	3746	0.000000
281474976710655.000000	1.352784	3747	0.000000
281474976710655.000000	1.707593	3748	0.000000
281474976710655.000000	1.713512	3749	0.000000
281474976710655.000000	1.664860	3750	0.000000
281474976710655.000000	1.572680	3751	0.000000
281474976710655.000000	1.512636	3752	0.000000
281474976710655.000000	1.586853	3753	0.000000
281474976710655.000000	1.495382	3754	0.000000
281474976710655.000000	1.440548	3755	0.000000
281474976710655.000000	1.404541	3756	0.000000
281474976710655.000000	1.299540	3757	0.000000
281474976710655.000000	1.276299	3758	0.000000
281474976710655.000000	1.158414	3759	0.000000
281474976710655.000000	1.134444	3760	0.000000
281474976710655.000000	1.164151	3761	0.000000
281474976710655.000000	1.075842	3762	0.000000
281474976710655.000000	0.875985	3763	0.000000
281474976710655.000000	0.848354	3764	0.000000
281474976710655.000000	0.512640	3765	0.000000
281474976710655.000000	0.631005	3766	0.000000
281474976710655.000000	0.775852	3767	0.000000
281474976710655.000000	0.710060	3768	0.000000
281474976710655.000000	0.969012	3769	0.000000
281474976710655.000000	0.769272	3770	0.000000
281474976710655.000000	0.745100	3771	0.000000
281474976710655.000000	0.679977	3772	0.000000
